epi,t,wall_t,opt_step,frame,fps,total_reward,avg_return,avg_len,avg_success,loss,lr,explore_var,entropy_coef,entropy,grad_norm
50.0,21.0,34.0,10000.0,1000.0,29.411764,-59.0,-50.84,20.04,0.06,77.49417,0.001,0.09982,,,
101.0,21.0,74.0,22500.0,2000.0,27.027027,-59.0,-56.15,20.55,0.02,74.38535,0.001,0.09964,,,
158.0,21.0,112.0,35000.0,3000.0,26.785715,-59.0,-56.22,20.62,0.02,88.662674,0.001,0.09946,,,
159.0,21.0,125.0,35000.0,3000.0,24.0,-59.0,-52.05,20.05,0.05,88.662674,0.001,0.09946,,,
212.0,21.0,165.0,47500.0,4000.0,24.242424,-59.0,-53.42,17.82,0.02,97.20078,0.001,0.09928,,,
264.0,2.0,207.0,60000.0,5000.0,24.154589,80.0,-46.56,19.36,0.09,104.652916,0.001,0.0991,,,
316.0,21.0,247.0,72500.0,6000.0,24.291498,-59.0,-54.83,20.43,0.03,102.15459,0.001,0.09892,,,
380.0,21.0,285.0,85000.0,7000.0,24.561403,-59.0,-49.33,19.73,0.07,106.60571,0.001,0.09874,,,
437.0,21.0,324.0,97500.0,8000.0,24.691359,-59.0,-41.92,17.12,0.11,118.25412,0.001,0.09856,,,
496.0,21.0,362.0,110000.0,9000.0,24.86188,-59.0,-44.54,18.54,0.1,121.63011,0.001,0.09838,,,
561.0,21.0,403.0,122500.0,10000.0,24.813896,-59.0,-47.9,19.5,0.08,110.93241,0.001,0.0982,,,
619.0,21.0,438.0,135000.0,11000.0,25.114155,-59.0,-35.44,17.84,0.17,119.795296,0.001,0.09802,,,
674.0,21.0,479.0,147500.0,12000.0,25.052193,-59.0,-38.69,18.69,0.15,130.16013,0.001,0.09784,,,
737.0,21.0,518.0,160000.0,13000.0,25.096525,-59.0,-31.62,17.62,0.2,119.001564,0.001,0.09766,,,
801.0,21.0,557.0,172500.0,14000.0,25.13465,-59.0,-35.65,18.05,0.17,128.19678,0.001,0.09748,,,
866.0,21.0,596.0,185000.0,15000.0,25.167786,-59.0,-42.44,18.84,0.12,118.88263,0.001,0.0973,,,
925.0,21.0,632.0,197500.0,16000.0,25.316456,-59.0,-29.95,17.15,0.21,131.00409,0.001,0.09712,,,
926.0,21.0,646.0,197500.0,16000.0,24.767801,-59.0,-31.47,17.47,0.2,131.00409,0.001,0.09712,,,
989.0,21.0,683.0,210000.0,17000.0,24.89019,-59.0,-34.54,18.14,0.18,137.08978,0.001,0.09694,,,
1046.0,2.0,720.0,222500.0,18000.0,25.0,80.0,-31.37,17.37,0.2,146.60547,0.001,0.09676,,,
1103.0,21.0,759.0,235000.0,19000.0,25.032938,-59.0,-24.55,16.55,0.25,122.5561,0.001,0.09658,,,
1104.0,3.0,773.0,235000.0,19000.0,24.57956,79.0,-30.06,17.26,0.21,122.5561,0.001,0.09658,,,
1170.0,3.0,810.0,247500.0,20000.0,24.691359,79.0,-31.64,17.64,0.2,145.18185,0.001,0.0964,,,
1232.0,21.0,846.0,260000.0,21000.0,24.822695,-59.0,-32.93,17.73,0.19,129.38724,0.001,0.09622,,,
1288.0,21.0,885.0,272500.0,22000.0,24.858757,-59.0,-34.44,18.04,0.18,123.73678,0.001,0.09604,,,
1345.0,2.0,925.0,285000.0,23000.0,24.864864,80.0,-26.36,17.16,0.24,117.78548,0.001,0.09586,,,
1406.0,21.0,965.0,297500.0,24000.0,24.870466,-59.0,-23.82,17.02,0.26,125.469765,0.001,0.09568,,,
1464.0,21.0,1005.0,310000.0,25000.0,24.875622,-59.0,-37.19,18.39,0.16,120.94908,0.001,0.0955,,,
1524.0,4.0,1044.0,322500.0,26000.0,24.904215,78.0,-33.01,17.81,0.19,141.25363,0.001,0.09532,,,
1579.0,21.0,1080.0,335000.0,27000.0,25.0,-59.0,-23.51,16.71,0.26,122.30829,0.001,0.09514,,,
1636.0,20.0,1119.0,347500.0,28000.0,25.02234,62.0,-29.01,17.41,0.22,121.87601,0.001,0.09496,,,
1693.0,21.0,1159.0,360000.0,29000.0,25.02157,-59.0,-18.16,16.16,0.3,123.80698,0.001,0.09478,,,
1758.0,21.0,1200.0,372500.0,30000.0,25.0,-59.0,-28.9,17.3,0.22,136.77939,0.001,0.0946,,,
1821.0,21.0,1236.0,385000.0,31000.0,25.080906,-59.0,-18.14,16.14,0.3,139.83414,0.001,0.09442,,,
1884.0,21.0,1277.0,397500.0,32000.0,25.058731,-59.0,-21.27,16.87,0.28,141.20184,0.001,0.09424,,,
1956.0,21.0,1315.0,410000.0,33000.0,25.095057,-59.0,-20.87,16.47,0.28,132.93549,0.001,0.09406,,,
2022.0,21.0,1354.0,422500.0,34000.0,25.110783,-59.0,-3.21,14.41,0.41,125.74115,0.001,0.09388,,,
2088.0,5.0,1390.0,435000.0,35000.0,25.179855,77.0,-4.89,14.89,0.4,130.5784,0.001,0.0937,,,
2159.0,3.0,1428.0,447500.0,36000.0,25.210085,79.0,0.7,14.1,0.44,139.49289,0.001,0.09352,,,
2232.0,3.0,1466.0,460000.0,37000.0,25.238745,79.0,-10.01,15.21,0.36,139.28708,0.001,0.09334,,,
2311.0,5.0,1502.0,472500.0,38000.0,25.2996,77.0,-3.44,14.64,0.41,138.3463,0.001,0.09316,,,
2377.0,18.0,1542.0,485000.0,39000.0,25.291828,64.0,-2.12,14.52,0.42,136.3713,0.001,0.09298,,,
2447.0,3.0,1582.0,497500.0,40000.0,25.28445,79.0,-10.06,15.26,0.36,135.89572,0.001,0.0928,,,
2515.0,21.0,1619.0,510000.0,41000.0,25.324274,-59.0,-2.24,14.64,0.42,140.86655,0.001,0.09262,,,
2594.0,8.0,1659.0,522500.0,42000.0,25.316456,74.0,6.17,13.43,0.48,148.9539,0.001,0.09244,,,
2661.0,5.0,1697.0,535000.0,43000.0,25.338833,77.0,-7.42,15.02,0.38,142.9084,0.001,0.09226,,,
2662.0,8.0,1710.0,535000.0,43000.0,25.146198,74.0,7.54,13.26,0.49,142.9084,0.001,0.09226,,,
2735.0,5.0,1747.0,547500.0,44000.0,25.186033,77.0,0.83,13.97,0.44,146.68204,0.001,0.09208,,,
2818.0,21.0,1787.0,560000.0,45000.0,25.18187,-59.0,-10.42,15.62,0.36,163.55005,0.001,0.0919,,,
2911.0,9.0,1825.0,572500.0,46000.0,25.205479,73.0,11.29,13.11,0.52,147.7167,0.001,0.09172,,,
2988.0,21.0,1861.0,585000.0,47000.0,25.25524,-59.0,14.17,12.63,0.54,163.3921,0.001,0.09154,,,
3068.0,21.0,1899.0,597500.0,48000.0,25.27646,-59.0,11.72,12.68,0.52,158.92467,0.001,0.09136,,,
3069.0,3.0,1912.0,597500.0,48000.0,25.104603,79.0,8.91,13.09,0.5,158.92467,0.001,0.09136,,,
3151.0,3.0,1949.0,610000.0,49000.0,25.141098,79.0,9.78,13.42,0.51,161.91876,0.001,0.09118,,,
3231.0,21.0,1984.0,622500.0,50000.0,25.201612,-59.0,18.44,11.96,0.57,176.23326,0.001,0.091,,,
3315.0,21.0,2020.0,635000.0,51000.0,25.247524,-59.0,3.28,13.92,0.46,160.17802,0.001,0.09082,,,
3402.0,21.0,2057.0,647500.0,52000.0,25.279533,-59.0,20.82,11.98,0.59,144.33917,0.001,0.09064,,,
3502.0,2.0,2094.0,660000.0,53000.0,25.310411,80.0,20.65,12.15,0.59,157.3091,0.001,0.09046,,,
3590.0,21.0,2134.0,672500.0,54000.0,25.304592,-59.0,17.73,12.67,0.57,152.54323,0.001,0.09028,,,
3669.0,21.0,2171.0,685000.0,55000.0,25.333948,-59.0,8.6,13.4,0.5,160.39655,0.001,0.0901,,,
3760.0,2.0,2206.0,697500.0,56000.0,25.385313,80.0,26.93,10.67,0.63,157.13695,0.001,0.08992,,,
3848.0,21.0,2243.0,710000.0,57000.0,25.412394,-59.0,16.06,11.94,0.55,183.15425,0.001,0.08974,,,
3920.0,21.0,2280.0,722500.0,58000.0,25.438597,-59.0,23.33,11.87,0.61,161.58554,0.001,0.08956,,,
4001.0,21.0,2322.0,735000.0,59000.0,25.40913,-59.0,8.37,13.63,0.5,152.10323,0.001,0.08938,,,
4002.0,3.0,2334.0,735000.0,59000.0,25.278492,79.0,5.69,13.91,0.48,152.10323,0.001,0.08938,,,
4094.0,21.0,2374.0,747500.0,60000.0,25.2738,-59.0,8.6,13.4,0.5,176.22304,0.001,0.0892,,,
4176.0,21.0,2409.0,760000.0,61000.0,25.32171,-59.0,18.55,11.85,0.57,175.58765,0.001,0.08902,,,
4274.0,21.0,2447.0,772500.0,62000.0,25.337147,-59.0,20.26,12.54,0.59,154.70557,0.001,0.08884,,,
4357.0,3.0,2482.0,785000.0,63000.0,25.382755,79.0,23.2,12.0,0.61,167.17436,0.001,0.08866,,,
4448.0,21.0,2524.0,797500.0,64000.0,25.356577,-59.0,11.66,13.94,0.53,169.73595,0.001,0.08848,,,
4532.0,7.0,2565.0,810000.0,65000.0,25.341131,75.0,15.45,12.55,0.55,163.03026,0.001,0.0883,,,
4609.0,7.0,2601.0,822500.0,66000.0,25.374855,75.0,17.68,12.72,0.57,176.27817,0.001,0.08812,,,
4610.0,4.0,2616.0,822500.0,66000.0,25.229359,78.0,9.29,13.91,0.51,176.27817,0.001,0.08812,,,
4694.0,21.0,2657.0,835000.0,67000.0,25.21641,-59.0,17.78,12.62,0.57,168.4155,0.001,0.08794,,,
4794.0,7.0,2695.0,847500.0,68000.0,25.23191,75.0,21.94,12.06,0.6,151.19179,0.001,0.08776,,,
4879.0,5.0,2734.0,860000.0,69000.0,25.237747,77.0,35.52,10.48,0.7,152.58217,0.001,0.08758,,,
4968.0,2.0,2770.0,872500.0,70000.0,25.270758,80.0,20.89,11.91,0.59,157.50827,0.001,0.0874,,,
5061.0,4.0,2808.0,885000.0,71000.0,25.2849,78.0,31.04,11.36,0.67,156.67476,0.001,0.08722,,,
5149.0,2.0,2844.0,897500.0,72000.0,25.316456,80.0,18.22,12.18,0.57,183.13562,0.001,0.08704,,,
5244.0,21.0,2881.0,910000.0,73000.0,25.338425,-59.0,18.06,12.34,0.57,166.84839,0.001,0.08686,,,
5333.0,8.0,2920.0,922500.0,74000.0,25.342466,74.0,37.54,10.86,0.72,185.27647,0.001,0.08668,,,
5334.0,21.0,2932.0,922500.0,74000.0,25.238745,-59.0,32.81,10.79,0.68,185.27647,0.001,0.08668,,,
5426.0,3.0,2968.0,935000.0,75000.0,25.269543,79.0,31.41,10.99,0.67,171.4748,0.001,0.0865,,,
5524.0,21.0,3008.0,947500.0,76000.0,25.265957,-59.0,19.23,12.37,0.58,159.0844,0.001,0.08632,,,
5611.0,13.0,3044.0,960000.0,77000.0,25.295664,69.0,20.13,12.67,0.59,168.79842,0.001,0.08614,,,
5712.0,10.0,3079.0,972500.0,78000.0,25.332901,72.0,32.45,11.15,0.68,164.45056,0.001,0.08596,,,
5713.0,21.0,3091.0,972500.0,78000.0,25.234552,-59.0,30.79,11.61,0.67,164.45056,0.001,0.08596,,,
5799.0,5.0,3129.0,985000.0,79000.0,25.247683,77.0,33.29,11.51,0.69,166.43205,0.001,0.08578,,,
5885.0,21.0,3167.0,997500.0,80000.0,25.260498,-59.0,39.36,10.24,0.73,183.30054,0.001,0.0856,,,
5974.0,5.0,3204.0,1010000.0,81000.0,25.2809,77.0,30.83,11.57,0.67,173.45534,0.001,0.08542,,,
6055.0,3.0,3241.0,1022500.0,82000.0,25.300833,79.0,26.81,11.99,0.64,175.4022,0.001,0.08524,,,
6156.0,7.0,3279.0,1035000.0,83000.0,25.312595,75.0,25.72,11.88,0.63,180.26765,0.001,0.08506,,,
6241.0,3.0,3317.0,1047500.0,84000.0,25.324087,79.0,38.16,10.24,0.72,162.03607,0.001,0.08488,,,
6337.0,2.0,3354.0,1060000.0,85000.0,25.342875,80.0,20.45,12.35,0.59,167.95457,0.001,0.0847,,,
6432.0,21.0,3390.0,1072500.0,86000.0,25.368732,-59.0,33.91,10.89,0.69,167.03995,0.001,0.08452,,,
6532.0,21.0,3429.0,1085000.0,87000.0,25.371828,-59.0,32.56,11.04,0.68,166.18878,0.001,0.08434,,,
6628.0,8.0,3469.0,1097500.0,88000.0,25.36754,74.0,32.23,11.37,0.68,168.69788,0.001,0.08416,,,
6740.0,10.0,3505.0,1110000.0,89000.0,25.392296,72.0,16.57,12.63,0.56,170.02121,0.001,0.08398,,,
6843.0,4.0,3542.0,1122500.0,90000.0,25.409372,78.0,30.21,10.99,0.66,166.73358,0.001,0.0838,,,
6961.0,7.0,3581.0,1135000.0,91000.0,25.411896,75.0,41.11,9.69,0.74,152.07536,0.001,0.08362,,,
7066.0,4.0,3618.0,1147500.0,92000.0,25.428413,78.0,32.93,10.67,0.68,169.70636,0.001,0.08344,,,
7160.0,21.0,3654.0,1160000.0,93000.0,25.45156,-59.0,41.1,9.7,0.74,153.49869,0.001,0.08326,,,
7268.0,4.0,3694.0,1172500.0,94000.0,25.44667,78.0,22.46,12.74,0.61,167.4252,0.001,0.08308,,,
7368.0,21.0,3733.0,1185000.0,95000.0,25.4487,-59.0,27.77,11.03,0.64,158.71512,0.001,0.0829,,,
7457.0,21.0,3770.0,1197500.0,96000.0,25.464191,-59.0,25.65,11.95,0.63,169.98634,0.001,0.08272,,,
7562.0,10.0,3810.0,1210000.0,97000.0,25.459318,72.0,23.2,12.0,0.61,158.77084,0.001,0.08254,,,
7668.0,2.0,3850.0,1222500.0,98000.0,25.454546,80.0,33.81,10.99,0.69,157.46495,0.001,0.08236,,,
7757.0,4.0,3887.0,1235000.0,99000.0,25.469513,78.0,36.92,10.28,0.71,158.22209,0.001,0.08218,,,
7758.0,3.0,3898.0,1235000.0,99000.0,25.39764,79.0,30.18,11.02,0.66,158.22209,0.001,0.08218,,,
7837.0,5.0,3934.0,1247500.0,100000.0,25.41942,77.0,45.02,9.38,0.77,159.25262,0.001,0.082,,,
7946.0,11.0,3972.0,1260000.0,101000.0,25.427996,71.0,43.72,9.48,0.76,163.42628,0.001,0.08182,,,
8055.0,21.0,4012.0,1272500.0,102000.0,25.423729,-59.0,35.48,10.52,0.7,158.45782,0.001,0.08164,,,
8143.0,3.0,4048.0,1285000.0,103000.0,25.444664,79.0,41.02,9.78,0.74,156.49622,0.001,0.08146,,,
8254.0,9.0,4086.0,1297500.0,104000.0,25.452766,73.0,40.83,9.97,0.74,165.97215,0.001,0.08128,,,
8348.0,21.0,4124.0,1310000.0,105000.0,25.460718,-59.0,46.89,8.71,0.78,162.88768,0.001,0.0811,,,
8449.0,10.0,4161.0,1322500.0,106000.0,25.474646,72.0,41.99,10.01,0.75,160.9241,0.001,0.08092,,,
8546.0,2.0,4199.0,1335000.0,107000.0,25.482258,80.0,35.27,10.73,0.7,159.20831,0.001,0.08074,,,
8652.0,3.0,4235.0,1347500.0,108000.0,25.50177,79.0,42.39,9.61,0.75,178.21985,0.001,0.08056,,,
8755.0,7.0,4273.0,1360000.0,109000.0,25.50901,75.0,36.56,10.64,0.71,158.41728,0.001,0.08038,,,
8870.0,21.0,4310.0,1372500.0,110000.0,25.522041,-59.0,45.85,8.55,0.77,167.40878,0.001,0.0802,,,
8972.0,6.0,4348.0,1385000.0,111000.0,25.528978,76.0,40.79,10.01,0.74,168.7273,0.001,0.08002,,,
9070.0,9.0,4384.0,1397500.0,112000.0,25.547445,73.0,55.16,8.84,0.85,162.10074,0.001,0.07984,,,
9180.0,21.0,4422.0,1410000.0,113000.0,25.554049,-59.0,32.87,10.73,0.68,152.97311,0.001,0.07966,,,
9285.0,21.0,4457.0,1422500.0,114000.0,25.577744,-59.0,32.59,11.01,0.68,160.82587,0.001,0.07948,,,
9399.0,21.0,4496.0,1435000.0,115000.0,25.57829,-59.0,38.96,10.64,0.73,161.77097,0.001,0.0793,,,
9520.0,4.0,4534.0,1447500.0,116000.0,25.584473,78.0,31.54,10.86,0.67,162.39728,0.001,0.07912,,,
9619.0,21.0,4574.0,1460000.0,117000.0,25.579361,-59.0,31.72,10.68,0.67,155.51219,0.001,0.07894,,,
9741.0,6.0,4612.0,1472500.0,118000.0,25.58543,76.0,35.24,10.76,0.7,156.2643,0.001,0.07876,,,
9846.0,5.0,4648.0,1485000.0,119000.0,25.60241,77.0,39.07,10.53,0.73,173.96754,0.001,0.07858,,,
9961.0,11.0,4688.0,1497500.0,120000.0,25.59727,71.0,39.07,10.53,0.73,153.44298,0.001,0.0784,,,
9962.0,4.0,4698.0,1497500.0,120000.0,25.542784,78.0,42.15,9.85,0.75,153.44298,0.001,0.0784,,,
10068.0,21.0,4734.0,1510000.0,121000.0,25.55978,-59.0,40.71,10.09,0.74,157.11188,0.001,0.07822,,,
10179.0,9.0,4770.0,1522500.0,122000.0,25.576519,73.0,57.26,7.94,0.86,158.36461,0.001,0.07804,,,
10304.0,5.0,4806.0,1535000.0,123000.0,25.593008,77.0,43.54,9.66,0.76,151.57147,0.001,0.07786,,,
10407.0,9.0,4844.0,1547500.0,124000.0,25.598679,73.0,43.92,9.28,0.76,161.25671,0.001,0.07768,,,
10525.0,3.0,4882.0,1560000.0,125000.0,25.604261,79.0,53.93,8.87,0.84,149.16534,0.001,0.0775,,,
10656.0,21.0,4921.0,1572500.0,126000.0,25.604551,-59.0,43.43,9.77,0.76,144.69061,0.001,0.07732,,,
10763.0,2.0,4961.0,1585000.0,127000.0,25.599678,80.0,40.68,10.12,0.74,158.25443,0.001,0.07714,,,
10764.0,4.0,4972.0,1585000.0,127000.0,25.543041,78.0,42.3,9.7,0.75,158.25443,0.001,0.07714,,,
10879.0,3.0,5012.0,1597500.0,128000.0,25.538708,79.0,42.21,9.79,0.75,143.42744,0.001,0.07696,,,
11003.0,2.0,5050.0,1610000.0,129000.0,25.544554,80.0,47.23,9.57,0.79,155.07117,0.001,0.07678,,,
11004.0,11.0,5061.0,1610000.0,129000.0,25.489035,71.0,59.81,7.79,0.88,155.07117,0.001,0.07678,,,
11114.0,21.0,5099.0,1622500.0,130000.0,25.495195,-59.0,25.66,11.94,0.63,145.95773,0.001,0.0766,,,
11228.0,6.0,5136.0,1635000.0,131000.0,25.506231,76.0,54.23,8.57,0.84,152.45325,0.001,0.07642,,,
11337.0,5.0,5172.0,1647500.0,132000.0,25.522041,77.0,51.76,8.64,0.82,146.62103,0.001,0.07624,,,
11338.0,21.0,5182.0,1647500.0,132000.0,25.47279,-59.0,55.45,8.55,0.85,146.62103,0.001,0.07624,,,
11465.0,5.0,5218.0,1660000.0,133000.0,25.488693,77.0,52.84,8.76,0.83,149.57884,0.001,0.07606,,,
11466.0,11.0,5229.0,1660000.0,133000.0,25.435074,71.0,51.5,8.9,0.82,149.57884,0.001,0.07606,,,
11571.0,21.0,5267.0,1672500.0,134000.0,25.441427,-59.0,60.34,8.46,0.89,158.01224,0.001,0.07588,,,
11674.0,6.0,5303.0,1685000.0,135000.0,25.457289,76.0,57.0,8.2,0.86,162.77496,0.001,0.0757,,,
11803.0,21.0,5342.0,1697500.0,136000.0,25.45863,-59.0,55.26,8.74,0.85,158.79628,0.001,0.07552,,,
11937.0,21.0,5380.0,1710000.0,137000.0,25.464684,-59.0,52.15,9.45,0.83,152.82448,0.001,0.07534,,,
12062.0,8.0,5419.0,1722500.0,138000.0,25.465954,74.0,51.27,9.13,0.82,154.75056,0.001,0.07516,,,
12179.0,3.0,5456.0,1735000.0,139000.0,25.47654,79.0,51.31,9.09,0.82,153.71661,0.001,0.07498,,,
12294.0,2.0,5492.0,1747500.0,140000.0,25.491625,80.0,52.42,9.18,0.83,157.54861,0.001,0.0748,,,
12409.0,8.0,5528.0,1760000.0,141000.0,25.506512,74.0,52.08,8.32,0.82,159.65025,0.001,0.07462,,,
12517.0,21.0,5563.0,1772500.0,142000.0,25.525795,-59.0,52.88,8.72,0.83,170.65111,0.001,0.07444,,,
12643.0,5.0,5600.0,1785000.0,143000.0,25.535715,77.0,54.18,8.62,0.84,150.03696,0.001,0.07426,,,
12803.0,21.0,5639.0,1797500.0,144000.0,25.536442,-59.0,48.39,9.61,0.8,160.63914,0.001,0.07408,,,
12945.0,2.0,5677.0,1810000.0,145000.0,25.541658,80.0,65.71,6.69,0.92,159.50926,0.001,0.0739,,,
13077.0,3.0,5714.0,1822500.0,146000.0,25.551277,79.0,55.5,8.5,0.85,170.23343,0.001,0.07372,,,
13199.0,2.0,5752.0,1835000.0,147000.0,25.556328,80.0,55.55,8.45,0.85,168.9011,0.001,0.07354,,,
13334.0,7.0,5790.0,1847500.0,148000.0,25.561312,75.0,48.28,9.72,0.8,158.71968,0.001,0.07336,,,
13474.0,5.0,5830.0,1860000.0,149000.0,25.55746,77.0,45.85,9.75,0.78,181.5803,0.001,0.07318,,,
13600.0,3.0,5867.0,1872500.0,150000.0,25.566729,79.0,49.37,9.83,0.81,164.33607,0.001,0.073,,,
13727.0,3.0,5903.0,1885000.0,151000.0,25.580214,79.0,62.11,7.89,0.9,183.47404,0.001,0.07282,,,
13853.0,2.0,5941.0,1897500.0,152000.0,25.584919,80.0,55.21,8.79,0.85,192.23451,0.001,0.07264,,,
13992.0,8.0,5981.0,1910000.0,153000.0,25.581007,74.0,58.01,8.39,0.87,176.83061,0.001,0.07246,,,
14125.0,14.0,6017.0,1922500.0,154000.0,25.59415,68.0,50.28,8.92,0.81,178.3194,0.001,0.07228,,,
14126.0,6.0,6027.0,1922500.0,154000.0,25.551683,76.0,46.54,9.06,0.78,178.3194,0.001,0.07228,,,
14270.0,7.0,6066.0,1935000.0,155000.0,25.552258,75.0,53.11,8.49,0.83,179.07628,0.001,0.0721,,,
14404.0,6.0,6102.0,1947500.0,156000.0,25.565388,76.0,60.2,7.4,0.88,174.90698,0.001,0.07192,,,
14542.0,8.0,6141.0,1960000.0,157000.0,25.565868,74.0,55.76,8.24,0.85,178.58,0.001,0.07174,,,
14672.0,21.0,6178.0,1972500.0,158000.0,25.57462,-59.0,52.0,8.4,0.82,166.72437,0.001,0.07156,,,
14787.0,8.0,6216.0,1985000.0,159000.0,25.579151,74.0,60.71,8.09,0.89,161.78804,0.001,0.07138,,,
14920.0,7.0,6254.0,1997500.0,160000.0,25.583626,75.0,44.9,9.5,0.77,152.84789,0.001,0.0712,,,
15060.0,2.0,6291.0,2010000.0,161000.0,25.592115,80.0,46.39,9.21,0.78,163.77585,0.001,0.07102,,,
15184.0,3.0,6329.0,2022500.0,162000.0,25.59646,79.0,60.79,8.01,0.89,157.80627,0.001,0.07084,,,
15304.0,10.0,6365.0,2035000.0,163000.0,25.608799,72.0,63.59,7.61,0.91,160.18973,0.001,0.07066,,,
15431.0,4.0,6401.0,2047500.0,164000.0,25.620996,78.0,50.08,7.92,0.8,163.18832,0.001,0.07048,,,
15565.0,5.0,6439.0,2060000.0,165000.0,25.625097,77.0,65.28,7.12,0.92,158.17671,0.001,0.0703,,,
15703.0,6.0,6476.0,2072500.0,166000.0,25.633106,76.0,59.54,8.06,0.88,157.40744,0.001,0.07012,,,
15704.0,6.0,6485.0,2072500.0,166000.0,25.597532,76.0,63.02,6.98,0.9,157.40744,0.001,0.07012,,,
15836.0,5.0,6523.0,2085000.0,167000.0,25.601717,77.0,61.22,7.58,0.89,155.05322,0.001,0.06994,,,
15981.0,21.0,6561.0,2097500.0,168000.0,25.605852,-59.0,66.58,7.02,0.93,160.67192,0.001,0.06976,,,
16127.0,4.0,6599.0,2110000.0,169000.0,25.609941,78.0,61.44,7.36,0.89,167.3154,0.001,0.06958,,,
16257.0,5.0,6637.0,2122500.0,170000.0,25.613983,77.0,59.62,7.98,0.88,156.91806,0.001,0.0694,,,
16412.0,3.0,6675.0,2135000.0,171000.0,25.617977,79.0,55.79,8.21,0.85,146.5723,0.001,0.06922,,,
16565.0,6.0,6714.0,2147500.0,172000.0,25.61811,76.0,54.7,8.1,0.84,160.1792,0.001,0.06904,,,
16720.0,7.0,6752.0,2160000.0,173000.0,25.622038,75.0,60.31,7.29,0.88,161.95177,0.001,0.06886,,,
16873.0,7.0,6790.0,2172500.0,174000.0,25.625921,75.0,59.71,7.89,0.88,148.31091,0.001,0.06868,,,
17026.0,4.0,6829.0,2185000.0,175000.0,25.626007,78.0,55.98,8.02,0.85,150.1899,0.001,0.0685,,,
17181.0,3.0,6866.0,2197500.0,176000.0,25.633556,79.0,61.26,7.54,0.89,144.27844,0.001,0.06832,,,
17341.0,5.0,6905.0,2210000.0,177000.0,25.633598,77.0,64.19,7.01,0.91,148.07764,0.001,0.06814,,,
17467.0,11.0,6943.0,2222500.0,178000.0,25.637333,71.0,55.85,8.15,0.85,149.70007,0.001,0.06796,,,
17616.0,10.0,6983.0,2235000.0,179000.0,25.633682,72.0,62.31,7.69,0.9,142.52011,0.001,0.06778,,,
17751.0,3.0,7020.0,2247500.0,180000.0,25.641026,79.0,51.59,8.81,0.82,144.04333,0.001,0.0676,,,
17893.0,2.0,7058.0,2260000.0,181000.0,25.644659,80.0,61.43,7.37,0.89,151.53345,0.001,0.06742,,,
18046.0,2.0,7095.0,2272500.0,182000.0,25.651867,80.0,61.45,7.35,0.89,138.9576,0.001,0.06724,,,
18190.0,4.0,7134.0,2285000.0,183000.0,25.651808,78.0,59.95,7.65,0.88,138.9915,0.001,0.06706,,,
18319.0,7.0,7172.0,2297500.0,184000.0,25.655327,75.0,52.24,9.36,0.83,143.04771,0.001,0.06688,,,
18454.0,5.0,7210.0,2310000.0,185000.0,25.658808,77.0,59.81,7.79,0.88,145.22443,0.001,0.0667,,,
18600.0,3.0,7247.0,2322500.0,186000.0,25.665792,79.0,62.9,7.1,0.9,139.0465,0.001,0.06652,,,
18741.0,6.0,7286.0,2335000.0,187000.0,25.66566,76.0,61.45,7.35,0.89,145.26271,0.001,0.06634,,,
18875.0,8.0,7324.0,2347500.0,188000.0,25.669033,74.0,57.03,8.17,0.86,139.01852,0.001,0.06616,,,
19021.0,6.0,7361.0,2360000.0,189000.0,25.67586,76.0,57.41,7.79,0.86,143.07492,0.001,0.06598,,,
19022.0,7.0,7371.0,2360000.0,189000.0,25.641026,75.0,61.09,7.71,0.89,143.07492,0.001,0.06598,,,
19180.0,3.0,7408.0,2372500.0,190000.0,25.647947,79.0,64.1,7.1,0.91,153.73138,0.001,0.0658,,,
19330.0,10.0,7447.0,2385000.0,191000.0,25.647911,72.0,62.19,7.81,0.9,153.64018,0.001,0.06562,,,
19331.0,21.0,7456.0,2385000.0,191000.0,25.616953,-59.0,53.33,8.27,0.83,153.64018,0.001,0.06562,,,
19453.0,5.0,7492.0,2397500.0,192000.0,25.627337,77.0,57.99,7.21,0.86,140.52475,0.001,0.06544,,,
19593.0,2.0,7529.0,2410000.0,193000.0,25.634214,80.0,62.26,7.74,0.9,136.77972,0.001,0.06526,,,
19748.0,8.0,7570.0,2422500.0,194000.0,25.627478,74.0,52.82,8.78,0.83,141.38951,0.001,0.06508,,,
19883.0,4.0,7606.0,2435000.0,195000.0,25.637655,78.0,53.05,8.55,0.83,146.1752,0.001,0.0649,,,
20037.0,21.0,7644.0,2447500.0,196000.0,25.641026,-59.0,64.58,6.62,0.91,135.19957,0.001,0.06472,,,
20038.0,6.0,7654.0,2447500.0,196000.0,25.607525,76.0,59.94,7.66,0.88,135.19957,0.001,0.06472,,,
20185.0,21.0,7692.0,2460000.0,197000.0,25.611025,-59.0,55.35,8.65,0.85,149.74284,0.001,0.06454,,,
20335.0,4.0,7730.0,2472500.0,198000.0,25.614489,78.0,48.6,9.4,0.8,127.30002,0.001,0.06436,,,
20474.0,7.0,7768.0,2485000.0,199000.0,25.61792,75.0,64.39,6.81,0.91,130.30916,0.001,0.06418,,,
20622.0,5.0,7807.0,2497500.0,200000.0,25.618034,77.0,59.82,7.78,0.88,134.92397,0.001,0.064,,,
20623.0,2.0,7817.0,2497500.0,200000.0,25.585262,80.0,61.52,7.28,0.89,134.92397,0.001,0.064,,,
20753.0,2.0,7853.0,2510000.0,201000.0,25.595314,80.0,59.12,7.28,0.87,138.84393,0.001,0.06382,,,
20900.0,10.0,7889.0,2522500.0,202000.0,25.605272,72.0,65.11,7.29,0.92,135.4994,0.001,0.06364,,,
21034.0,4.0,7925.0,2535000.0,203000.0,25.615143,78.0,62.44,7.56,0.9,131.11731,0.001,0.06346,,,
21176.0,8.0,7962.0,2547500.0,204000.0,25.621702,74.0,63.79,7.41,0.91,148.11537,0.001,0.06328,,,
21177.0,21.0,7972.0,2547500.0,204000.0,25.589563,-59.0,58.55,7.85,0.87,148.11537,0.001,0.06328,,,
21303.0,3.0,8011.0,2560000.0,205000.0,25.589813,79.0,54.51,8.29,0.84,162.71855,0.001,0.0631,,,
21470.0,6.0,8051.0,2572500.0,206000.0,25.586884,76.0,55.01,7.79,0.84,139.23848,0.001,0.06292,,,
21634.0,21.0,8090.0,2585000.0,207000.0,25.587145,-59.0,61.33,7.47,0.89,150.57516,0.001,0.06274,,,
21635.0,7.0,8099.0,2585000.0,207000.0,25.55871,75.0,66.57,7.03,0.93,150.57516,0.001,0.06274,,,
21807.0,21.0,8138.0,2597500.0,208000.0,25.559105,-59.0,54.59,8.21,0.84,146.52887,0.001,0.06256,,,
21933.0,21.0,8172.0,2610000.0,209000.0,25.575134,-59.0,68.0,6.8,0.94,143.4536,0.001,0.06238,,,
22089.0,21.0,8211.0,2622500.0,210000.0,25.575447,-59.0,66.66,6.94,0.93,139.1522,0.001,0.0622,,,
22252.0,2.0,8249.0,2635000.0,211000.0,25.578857,80.0,60.82,7.98,0.89,137.28265,0.001,0.06202,,,
22416.0,5.0,8288.0,2647500.0,212000.0,25.579151,77.0,53.38,8.22,0.83,136.40472,0.001,0.06184,,,
22417.0,2.0,8299.0,2647500.0,212000.0,25.545246,80.0,53.14,8.46,0.83,136.40472,0.001,0.06184,,,
22547.0,4.0,8337.0,2660000.0,213000.0,25.54876,78.0,60.77,8.03,0.89,136.58467,0.001,0.06166,,,
22705.0,2.0,8375.0,2672500.0,214000.0,25.552238,80.0,61.57,7.23,0.89,138.78851,0.001,0.06148,,,
22848.0,4.0,8413.0,2685000.0,215000.0,25.555687,78.0,58.71,7.69,0.87,138.26015,0.001,0.0613,,,
22991.0,3.0,8450.0,2697500.0,216000.0,25.56213,79.0,61.16,7.64,0.89,138.16153,0.001,0.06112,,,
23148.0,6.0,8487.0,2710000.0,217000.0,25.568516,76.0,61.72,7.08,0.89,126.7466,0.001,0.06094,,,
23296.0,4.0,8523.0,2722500.0,218000.0,25.577848,78.0,59.01,7.39,0.87,150.76468,0.001,0.06076,,,
23455.0,8.0,8561.0,2735000.0,219000.0,25.581123,74.0,65.58,6.82,0.92,129.23518,0.001,0.06058,,,
23587.0,21.0,8600.0,2747500.0,220000.0,25.581396,-59.0,62.79,7.21,0.9,131.53505,0.001,0.0604,,,
23588.0,4.0,8610.0,2747500.0,220000.0,25.551683,78.0,59.92,7.68,0.88,131.53505,0.001,0.0604,,,
23719.0,19.0,8646.0,2760000.0,221000.0,25.560953,63.0,64.27,6.93,0.91,128.39778,0.001,0.06022,,,
23720.0,7.0,8655.0,2760000.0,221000.0,25.534372,75.0,53.03,8.57,0.83,128.39778,0.001,0.06022,,,
23869.0,4.0,8691.0,2772500.0,222000.0,25.543665,78.0,66.1,6.3,0.92,137.79147,0.001,0.06004,,,
24014.0,3.0,8730.0,2785000.0,223000.0,25.544102,79.0,58.4,8.0,0.87,144.58208,0.001,0.05986,,,
24152.0,9.0,8767.0,2797500.0,224000.0,25.55036,73.0,61.01,7.79,0.89,148.54936,0.001,0.05968,,,
24293.0,21.0,8804.0,2810000.0,225000.0,25.556564,-59.0,60.36,7.24,0.88,136.85793,0.001,0.0595,,,
24439.0,20.0,8842.0,2822500.0,226000.0,25.559828,62.0,58.74,7.66,0.87,150.82822,0.001,0.05932,,,
24440.0,14.0,8852.0,2822500.0,226000.0,25.530954,68.0,61.77,7.03,0.89,150.82822,0.001,0.05932,,,
24583.0,7.0,8889.0,2835000.0,227000.0,25.53718,75.0,60.11,7.49,0.88,139.23595,0.001,0.05914,,,
24717.0,13.0,8926.0,2847500.0,228000.0,25.543356,69.0,59.58,8.02,0.88,137.72542,0.001,0.05896,,,
24887.0,10.0,8966.0,2860000.0,229000.0,25.540932,72.0,60.79,8.01,0.89,137.08243,0.001,0.05878,,,
25041.0,5.0,9005.0,2872500.0,230000.0,25.541367,77.0,56.11,7.89,0.85,143.30267,0.001,0.0586,,,
25196.0,6.0,9043.0,2885000.0,231000.0,25.54462,76.0,65.19,7.21,0.92,146.47047,0.001,0.05842,,,
25349.0,4.0,9080.0,2897500.0,232000.0,25.550661,78.0,63.76,7.44,0.91,135.48907,0.001,0.05824,,,
25499.0,3.0,9120.0,2910000.0,233000.0,25.548246,79.0,63.19,6.81,0.9,135.00851,0.001,0.05806,,,
25642.0,2.0,9156.0,2922500.0,234000.0,25.557013,80.0,58.99,7.41,0.87,138.04022,0.001,0.05788,,,
25796.0,5.0,9194.0,2935000.0,235000.0,25.560148,77.0,60.95,7.85,0.89,141.8566,0.001,0.0577,,,
25797.0,5.0,9204.0,2935000.0,235000.0,25.532377,77.0,57.61,7.59,0.86,141.8566,0.001,0.0577,,,
25941.0,4.0,9246.0,2947500.0,236000.0,25.524551,78.0,58.93,7.47,0.87,137.56271,0.001,0.05752,,,
26103.0,6.0,9285.0,2960000.0,237000.0,25.52504,76.0,55.88,8.12,0.85,145.39044,0.001,0.05734,,,
26238.0,7.0,9321.0,2972500.0,238000.0,25.533741,75.0,62.48,7.52,0.9,140.0354,0.001,0.05716,,,
26387.0,9.0,9359.0,2985000.0,239000.0,25.536917,73.0,57.2,8.0,0.86,128.49362,0.001,0.05698,,,
26531.0,6.0,9399.0,2997500.0,240000.0,25.534632,76.0,66.91,6.69,0.93,148.80222,0.001,0.0568,,,
26680.0,4.0,9438.0,3010000.0,241000.0,25.53507,78.0,51.97,8.43,0.82,132.59808,0.001,0.05662,,,
26839.0,5.0,9475.0,3022500.0,242000.0,25.540897,77.0,59.31,8.29,0.88,147.3373,0.001,0.05644,,,
26840.0,3.0,9486.0,3022500.0,242000.0,25.51128,79.0,52.21,8.19,0.82,147.3373,0.001,0.05644,,,
27013.0,4.0,9524.0,3035000.0,243000.0,25.51449,78.0,60.3,7.3,0.88,133.39075,0.001,0.05626,,,
27014.0,2.0,9533.0,3035000.0,243000.0,25.490402,80.0,66.67,6.93,0.93,133.39075,0.001,0.05626,,,
27179.0,5.0,9570.0,3047500.0,244000.0,25.496344,77.0,65.59,6.81,0.92,152.06604,0.001,0.05608,,,
27302.0,3.0,9607.0,3060000.0,245000.0,25.502237,79.0,61.46,7.34,0.89,150.46416,0.001,0.0559,,,
27448.0,6.0,9644.0,3072500.0,246000.0,25.508087,76.0,59.69,7.91,0.88,148.20233,0.001,0.05572,,,
27449.0,8.0,9654.0,3072500.0,246000.0,25.481667,74.0,61.64,7.16,0.89,148.20233,0.001,0.05572,,,
27592.0,21.0,9691.0,3085000.0,247000.0,25.487566,-59.0,66.5,7.1,0.93,135.97159,0.001,0.05554,,,
27762.0,2.0,9730.0,3097500.0,248000.0,25.48818,80.0,60.03,7.57,0.88,135.41756,0.001,0.05536,,,
27919.0,2.0,9766.0,3110000.0,249000.0,25.49662,80.0,65.68,6.72,0.92,144.33987,0.001,0.05518,,,
28065.0,4.0,9802.0,3122500.0,250000.0,25.505,78.0,64.32,6.88,0.91,132.40863,0.001,0.055,,,
28222.0,21.0,9840.0,3135000.0,251000.0,25.508131,-59.0,56.34,7.66,0.85,139.01213,0.001,0.05482,,,
28366.0,4.0,9879.0,3147500.0,252000.0,25.508656,78.0,54.8,8.0,0.84,139.69269,0.001,0.05464,,,
28518.0,11.0,9919.0,3160000.0,253000.0,25.506603,71.0,47.65,9.15,0.79,140.87276,0.001,0.05446,,,
28668.0,4.0,9956.0,3172500.0,254000.0,25.512255,78.0,68.54,6.26,0.94,144.63028,0.001,0.05428,,,
28835.0,6.0,9993.0,3185000.0,255000.0,25.517862,76.0,70.49,6.71,0.96,142.06271,0.001,0.0541,,,
28987.0,7.0,10031.0,3197500.0,256000.0,25.520885,75.0,67.21,6.39,0.93,134.81699,0.001,0.05392,,,
28988.0,7.0,10041.0,3197500.0,256000.0,25.495468,75.0,65.54,6.86,0.92,134.81699,0.001,0.05392,,,
29169.0,5.0,10080.0,3210000.0,257000.0,25.49603,77.0,66.75,6.85,0.93,142.2289,0.001,0.05374,,,
29170.0,21.0,10089.0,3210000.0,257000.0,25.473288,-59.0,67.45,6.15,0.93,142.2289,0.001,0.05374,,,
29304.0,8.0,10128.0,3222500.0,258000.0,25.473934,74.0,64.12,7.08,0.91,121.049095,0.001,0.05356,,,
29469.0,2.0,10167.0,3235000.0,259000.0,25.474575,80.0,59.13,7.27,0.87,135.47209,0.001,0.05338,,,
29610.0,7.0,10206.0,3247500.0,260000.0,25.47521,75.0,56.4,7.6,0.85,145.04936,0.001,0.0532,,,
29753.0,7.0,10244.0,3260000.0,261000.0,25.478329,75.0,65.3,7.1,0.92,130.64307,0.001,0.05302,,,
29754.0,7.0,10253.0,3260000.0,261000.0,25.455965,75.0,57.57,7.63,0.86,130.64307,0.001,0.05302,,,
29937.0,8.0,10291.0,3272500.0,262000.0,25.459139,74.0,54.47,8.33,0.84,132.52917,0.001,0.05284,,,
30085.0,6.0,10329.0,3285000.0,263000.0,25.46229,76.0,69.46,6.54,0.95,132.40685,0.001,0.05266,,,
30221.0,3.0,10369.0,3297500.0,264000.0,25.460506,79.0,67.22,6.38,0.93,136.84674,0.001,0.05248,,,
30222.0,6.0,10380.0,3297500.0,264000.0,25.433525,76.0,57.41,7.79,0.86,136.84674,0.001,0.05248,,,
30372.0,5.0,10419.0,3310000.0,265000.0,25.434303,77.0,58.58,7.82,0.87,133.78867,0.001,0.0523,,,
30548.0,4.0,10458.0,3322500.0,266000.0,25.435074,78.0,51.26,7.94,0.81,134.63141,0.001,0.05212,,,
30700.0,5.0,10496.0,3335000.0,267000.0,25.438263,77.0,64.07,7.13,0.91,134.52853,0.001,0.05194,,,
30864.0,3.0,10536.0,3347500.0,268000.0,25.436598,79.0,60.43,7.17,0.88,136.83052,0.001,0.05176,,,
31001.0,2.0,10572.0,3360000.0,269000.0,25.44457,80.0,59.02,7.38,0.87,141.16843,0.001,0.05158,,,
31002.0,11.0,10582.0,3360000.0,269000.0,25.420525,71.0,65.87,6.53,0.92,141.16843,0.001,0.05158,,,
31174.0,2.0,10620.0,3372500.0,270000.0,25.423729,80.0,65.18,7.22,0.92,141.76723,0.001,0.0514,,,
31334.0,4.0,10656.0,3385000.0,271000.0,25.431683,78.0,63.11,6.89,0.9,145.31126,0.001,0.05122,,,
31499.0,3.0,10693.0,3397500.0,272000.0,25.437202,79.0,60.31,7.29,0.88,134.52632,0.001,0.05104,,,
31657.0,12.0,10729.0,3410000.0,273000.0,25.445055,70.0,57.24,7.96,0.86,136.03847,0.001,0.05086,,,
31820.0,3.0,10766.0,3422500.0,274000.0,25.450493,79.0,63.2,6.8,0.9,140.5253,0.001,0.05068,,,
31956.0,6.0,10805.0,3435000.0,275000.0,25.45118,76.0,56.67,8.53,0.86,136.78465,0.001,0.0505,,,
32127.0,2.0,10844.0,3447500.0,276000.0,25.451862,80.0,66.19,7.41,0.93,129.31596,0.001,0.05032,,,
32275.0,2.0,10880.0,3460000.0,277000.0,25.459558,80.0,64.32,6.88,0.91,149.29274,0.001,0.05014,,,
32276.0,5.0,10890.0,3460000.0,277000.0,25.43618,77.0,60.28,7.32,0.88,149.29274,0.001,0.05014,,,
32457.0,16.0,10927.0,3472500.0,278000.0,25.441566,66.0,58.65,7.75,0.87,136.73582,0.001,0.04996,,,
32458.0,2.0,10938.0,3472500.0,278000.0,25.415981,80.0,68.05,6.75,0.94,136.73582,0.001,0.04996,,,
32601.0,5.0,10976.0,3485000.0,279000.0,25.419096,77.0,60.39,7.21,0.88,136.68994,0.001,0.04978,,,
32777.0,10.0,11013.0,3497500.0,280000.0,25.424498,72.0,65.89,6.51,0.92,136.2621,0.001,0.0496,,,
32954.0,4.0,11051.0,3510000.0,281000.0,25.427563,78.0,65.65,6.75,0.92,127.34268,0.001,0.04942,,,
33129.0,5.0,11088.0,3522500.0,282000.0,25.432901,77.0,66.04,6.36,0.92,137.97958,0.001,0.04924,,,
33292.0,6.0,11125.0,3535000.0,283000.0,25.438202,76.0,59.89,7.71,0.88,139.40747,0.001,0.04906,,,
33459.0,9.0,11160.0,3547500.0,284000.0,25.448029,73.0,61.03,7.77,0.89,134.15654,0.001,0.04888,,,
33597.0,9.0,11197.0,3560000.0,285000.0,25.453247,73.0,69.4,6.6,0.95,143.35191,0.001,0.0487,,,
33751.0,2.0,11235.0,3572500.0,286000.0,25.456163,80.0,61.77,7.03,0.89,139.47194,0.001,0.04852,,,
33915.0,5.0,11273.0,3585000.0,287000.0,25.45906,77.0,62.98,7.02,0.9,142.34924,0.001,0.04834,,,
34076.0,6.0,11311.0,3597500.0,288000.0,25.461939,76.0,62.6,7.4,0.9,139.6211,0.001,0.04816,,,
34236.0,9.0,11349.0,3610000.0,289000.0,25.464798,73.0,64.11,7.09,0.91,137.5986,0.001,0.04798,,,
34401.0,4.0,11385.0,3622500.0,290000.0,25.472113,78.0,68.87,5.93,0.94,138.8662,0.001,0.0478,,,
34402.0,7.0,11394.0,3622500.0,290000.0,25.451992,75.0,64.21,6.99,0.91,138.8662,0.001,0.0478,,,
34560.0,2.0,11431.0,3635000.0,291000.0,25.45709,80.0,60.23,7.37,0.88,142.62944,0.001,0.04762,,,
34726.0,21.0,11470.0,3647500.0,292000.0,25.457716,-59.0,64.22,6.98,0.91,133.69731,0.001,0.04744,,,
34886.0,5.0,11507.0,3660000.0,293000.0,25.46276,77.0,60.14,7.46,0.88,139.79959,0.001,0.04726,,,
35050.0,6.0,11545.0,3672500.0,294000.0,25.46557,76.0,58.67,7.73,0.87,128.37746,0.001,0.04708,,,
35214.0,2.0,11584.0,3685000.0,295000.0,25.46616,80.0,55.21,7.59,0.84,133.69781,0.001,0.0469,,,
35215.0,9.0,11593.0,3685000.0,295000.0,25.44639,73.0,64.12,7.08,0.91,133.69781,0.001,0.0469,,,
35364.0,11.0,11630.0,3697500.0,296000.0,25.451418,71.0,52.05,8.35,0.82,140.23007,0.001,0.04672,,,
35518.0,3.0,11666.0,3710000.0,297000.0,25.458597,79.0,60.41,7.19,0.88,139.01634,0.001,0.04654,,,
35684.0,21.0,11701.0,3722500.0,298000.0,25.467909,-59.0,62.81,7.19,0.9,142.49232,0.001,0.04636,,,
35841.0,9.0,11738.0,3735000.0,299000.0,25.472824,73.0,71.58,5.62,0.96,141.67384,0.001,0.04618,,,
36008.0,7.0,11775.0,3747500.0,300000.0,25.477707,75.0,61.99,6.81,0.89,141.33994,0.001,0.046,,,
36009.0,6.0,11785.0,3747500.0,300000.0,25.456089,76.0,62.95,7.05,0.9,141.33994,0.001,0.046,,,
36178.0,2.0,11823.0,3760000.0,301000.0,25.45885,80.0,64.44,6.76,0.91,142.95511,0.001,0.04582,,,
36179.0,21.0,11832.0,3760000.0,301000.0,25.439486,-59.0,63.97,7.23,0.91,142.95511,0.001,0.04582,,,
36340.0,2.0,11868.0,3772500.0,302000.0,25.446579,80.0,66.35,6.05,0.92,142.43849,0.001,0.04564,,,
36499.0,3.0,11905.0,3785000.0,303000.0,25.45149,79.0,63.18,6.82,0.9,139.53154,0.001,0.04546,,,
36655.0,11.0,11942.0,3797500.0,304000.0,25.456373,71.0,65.99,6.41,0.92,131.95047,0.001,0.04528,,,
36822.0,9.0,11979.0,3810000.0,305000.0,25.461224,73.0,65.88,6.52,0.92,147.58995,0.001,0.0451,,,
36984.0,8.0,12015.0,3822500.0,306000.0,25.468164,74.0,70.39,5.61,0.95,136.16847,0.001,0.04492,,,
36985.0,21.0,12025.0,3822500.0,306000.0,25.446985,-59.0,65.77,6.63,0.92,136.16847,0.001,0.04492,,,
37151.0,2.0,12063.0,3835000.0,307000.0,25.449722,80.0,66.83,6.77,0.93,137.96768,0.001,0.04474,,,
37345.0,5.0,12101.0,3847500.0,308000.0,25.452442,77.0,64.34,6.86,0.91,137.12134,0.001,0.04456,,,
37501.0,4.0,12140.0,3860000.0,309000.0,25.453049,78.0,64.98,7.42,0.92,141.62509,0.001,0.04438,,,
37658.0,6.0,12179.0,3872500.0,310000.0,25.45365,76.0,61.21,7.59,0.89,138.97508,0.001,0.0442,,,
37826.0,5.0,12218.0,3885000.0,311000.0,25.454248,77.0,65.89,6.51,0.92,131.4705,0.001,0.04402,,,
37827.0,2.0,12227.0,3885000.0,311000.0,25.43551,80.0,68.98,7.02,0.95,131.4705,0.001,0.04402,,,
37996.0,5.0,12264.0,3897500.0,312000.0,25.440313,77.0,69.97,6.03,0.95,154.10951,0.001,0.04384,,,
38188.0,6.0,12303.0,3910000.0,313000.0,25.440948,76.0,58.89,7.51,0.87,139.49054,0.001,0.04366,,,
38359.0,2.0,12340.0,3922500.0,314000.0,25.445705,80.0,58.76,7.64,0.87,140.09233,0.001,0.04348,,,
38533.0,5.0,12380.0,3935000.0,315000.0,25.444265,77.0,63.01,6.99,0.9,120.710236,0.001,0.0433,,,
38702.0,4.0,12420.0,3947500.0,316000.0,25.442835,78.0,57.88,7.32,0.86,142.98967,0.001,0.04312,,,
38865.0,3.0,12458.0,3960000.0,317000.0,25.445498,79.0,65.71,6.69,0.92,145.15718,0.001,0.04294,,,
39034.0,4.0,12495.0,3972500.0,318000.0,25.45018,78.0,66.78,6.82,0.93,141.72935,0.001,0.04276,,,
39196.0,8.0,12533.0,3985000.0,319000.0,25.452805,74.0,66.68,6.92,0.93,142.4436,0.001,0.04258,,,
39197.0,6.0,12542.0,3985000.0,319000.0,25.43454,76.0,67.04,6.56,0.93,142.4436,0.001,0.04258,,,
39362.0,3.0,12581.0,3997500.0,320000.0,25.43518,79.0,66.57,7.03,0.93,133.1675,0.001,0.0424,,,
39511.0,6.0,12619.0,4010000.0,321000.0,25.437832,76.0,67.02,6.58,0.93,137.95375,0.001,0.04222,,,
39687.0,3.0,12656.0,4022500.0,322000.0,25.442478,79.0,59.95,7.65,0.88,134.64653,0.001,0.04204,,,
39838.0,7.0,12697.0,4035000.0,323000.0,25.43908,75.0,58.65,7.75,0.87,132.18645,0.001,0.04186,,,
39985.0,2.0,12736.0,4047500.0,324000.0,25.4397,80.0,61.72,7.08,0.89,134.75308,0.001,0.04168,,,
40158.0,4.0,12773.0,4060000.0,325000.0,25.444296,78.0,67.15,6.45,0.93,133.06961,0.001,0.0415,,,
40322.0,6.0,12810.0,4072500.0,326000.0,25.448868,76.0,62.74,7.26,0.9,131.68628,0.001,0.04132,,,
40488.0,11.0,12848.0,4085000.0,327000.0,25.451431,71.0,68.59,6.21,0.94,130.89478,0.001,0.04114,,,
40654.0,21.0,12888.0,4097500.0,328000.0,25.450031,-59.0,58.8,7.6,0.87,135.90402,0.001,0.04096,,,
40835.0,9.0,12926.0,4110000.0,329000.0,25.452576,73.0,67.7,7.1,0.94,143.3598,0.001,0.04078,,,
40997.0,2.0,12965.0,4122500.0,330000.0,25.453142,80.0,68.57,6.23,0.94,135.3896,0.001,0.0406,,,
41152.0,7.0,13004.0,4135000.0,331000.0,25.453707,75.0,66.22,7.38,0.93,129.57137,0.001,0.04042,,,
41320.0,6.0,13041.0,4147500.0,332000.0,25.45817,76.0,69.76,6.24,0.95,139.8166,0.001,0.04024,,,
41321.0,8.0,13050.0,4147500.0,332000.0,25.440613,74.0,65.75,6.65,0.92,139.8166,0.001,0.04024,,,
41493.0,4.0,13089.0,4160000.0,333000.0,25.44121,78.0,66.7,6.9,0.93,141.47452,0.001,0.04006,,,
41661.0,5.0,13125.0,4172500.0,334000.0,25.447618,77.0,66.85,6.75,0.93,130.66724,0.001,0.03988,,,
41662.0,14.0,13134.0,4172500.0,334000.0,25.430182,68.0,61.15,7.65,0.89,130.66724,0.001,0.03988,,,
41827.0,5.0,13171.0,4185000.0,335000.0,25.434668,77.0,66.57,7.03,0.93,132.45248,0.001,0.0397,,,
41828.0,4.0,13180.0,4185000.0,335000.0,25.4173,78.0,67.28,6.32,0.93,132.45248,0.001,0.0397,,,
41982.0,7.0,13217.0,4197500.0,336000.0,25.421804,75.0,61.08,7.72,0.89,124.592125,0.001,0.03952,,,
42163.0,8.0,13254.0,4210000.0,337000.0,25.426287,74.0,69.56,6.44,0.95,140.75343,0.001,0.03934,,,
42348.0,3.0,13293.0,4222500.0,338000.0,25.426916,79.0,62.89,7.11,0.9,142.28516,0.001,0.03916,,,
42349.0,8.0,13303.0,4222500.0,338000.0,25.407803,74.0,69.56,6.44,0.95,142.28516,0.001,0.03916,,,
42506.0,6.0,13338.0,4235000.0,339000.0,25.416105,76.0,70.96,6.24,0.96,132.05893,0.001,0.03898,,,
42507.0,2.0,13347.0,4235000.0,339000.0,25.398966,80.0,62.93,7.07,0.9,132.05893,0.001,0.03898,,,
42676.0,4.0,13385.0,4247500.0,340000.0,25.40157,78.0,67.28,6.32,0.93,139.40268,0.001,0.0388,,,
42865.0,7.0,13425.0,4260000.0,341000.0,25.400372,75.0,64.54,6.66,0.91,129.91649,0.001,0.03862,,,
43039.0,4.0,13463.0,4272500.0,342000.0,25.402956,78.0,68.61,6.19,0.94,142.18942,0.001,0.03844,,,
43040.0,4.0,13471.0,4272500.0,342000.0,25.38787,78.0,64.46,6.74,0.91,142.18942,0.001,0.03844,,,
43200.0,3.0,13509.0,4285000.0,343000.0,25.39048,79.0,63.39,6.61,0.9,138.73466,0.001,0.03826,,,
43363.0,11.0,13547.0,4297500.0,344000.0,25.393076,71.0,64.45,6.75,0.91,133.74408,0.001,0.03808,,,
43546.0,5.0,13586.0,4310000.0,345000.0,25.393787,77.0,61.84,6.96,0.89,120.21089,0.001,0.0379,,,
43720.0,7.0,13625.0,4322500.0,346000.0,25.394495,75.0,71.95,6.45,0.97,131.84187,0.001,0.03772,,,
43864.0,2.0,13663.0,4335000.0,347000.0,25.397058,80.0,69.08,6.92,0.95,138.81767,0.001,0.03754,,,
44022.0,4.0,13700.0,4347500.0,348000.0,25.40146,78.0,68.2,6.6,0.94,132.93907,0.001,0.03736,,,
44023.0,5.0,13710.0,4347500.0,348000.0,25.382933,77.0,71.71,5.49,0.96,132.93907,0.001,0.03736,,,
44195.0,6.0,13746.0,4360000.0,349000.0,25.389204,76.0,68.26,6.54,0.94,141.98067,0.001,0.03718,,,
44367.0,6.0,13786.0,4372500.0,350000.0,25.388075,76.0,70.07,5.93,0.95,128.10858,0.001,0.037,,,
44537.0,17.0,13825.0,4385000.0,351000.0,25.388788,65.0,59.13,7.27,0.87,133.80309,0.001,0.03682,,,
44716.0,21.0,13865.0,4397500.0,352000.0,25.387667,-59.0,58.85,7.55,0.87,128.43863,0.001,0.03664,,,
44896.0,8.0,13905.0,4410000.0,353000.0,25.38655,74.0,70.78,6.42,0.96,131.86484,0.001,0.03646,,,
45081.0,2.0,13944.0,4422500.0,354000.0,25.387264,80.0,65.98,6.42,0.92,132.66101,0.001,0.03628,,,
45246.0,5.0,13981.0,4435000.0,355000.0,25.391603,77.0,66.99,6.61,0.93,129.59773,0.001,0.0361,,,
45422.0,2.0,14019.0,4447500.0,356000.0,25.394108,80.0,61.65,7.15,0.89,128.70534,0.001,0.03592,,,
45423.0,9.0,14028.0,4447500.0,356000.0,25.377815,73.0,67.14,6.46,0.93,128.70534,0.001,0.03592,,,
45608.0,3.0,14066.0,4460000.0,357000.0,25.38035,79.0,64.36,6.84,0.91,130.01627,0.001,0.03574,,,
45782.0,5.0,14103.0,4472500.0,358000.0,25.38467,77.0,65.83,6.57,0.92,127.82137,0.001,0.03556,,,
45959.0,5.0,14143.0,4485000.0,359000.0,25.383581,77.0,66.15,6.25,0.92,128.56383,0.001,0.03538,,,
46143.0,3.0,14182.0,4497500.0,360000.0,25.38429,79.0,65.43,6.97,0.92,128.64893,0.001,0.0352,,,
46308.0,5.0,14223.0,4510000.0,361000.0,25.381424,77.0,70.37,6.83,0.96,131.92339,0.001,0.03502,,,
46309.0,5.0,14233.0,4510000.0,361000.0,25.363592,77.0,58.47,7.93,0.87,131.92339,0.001,0.03502,,,
46482.0,4.0,14270.0,4522500.0,362000.0,25.367905,78.0,64.15,7.05,0.91,121.89634,0.001,0.03484,,,
46645.0,5.0,14308.0,4535000.0,363000.0,25.370422,77.0,63.15,6.85,0.9,130.43501,0.001,0.03466,,,
46825.0,4.0,14346.0,4547500.0,364000.0,25.372927,78.0,69.92,6.08,0.95,122.85091,0.001,0.03448,,,
46826.0,5.0,14357.0,4547500.0,364000.0,25.353487,77.0,62.65,7.35,0.9,122.85091,0.001,0.03448,,,
47011.0,3.0,14395.0,4560000.0,365000.0,25.356026,79.0,64.83,6.37,0.91,131.1257,0.001,0.0343,,,
47171.0,3.0,14433.0,4572500.0,366000.0,25.358553,79.0,65.35,7.05,0.92,116.09593,0.001,0.03412,,,
47341.0,8.0,14472.0,4585000.0,367000.0,25.359314,74.0,59.11,7.29,0.87,122.52263,0.001,0.03394,,,
47493.0,2.0,14507.0,4597500.0,368000.0,25.367064,80.0,71.33,5.87,0.96,133.67223,0.001,0.03376,,,
47668.0,5.0,14545.0,4610000.0,369000.0,25.369543,77.0,67.37,6.23,0.93,122.529076,0.001,0.03358,,,
47859.0,6.0,14584.0,4622500.0,370000.0,25.370268,76.0,72.11,6.29,0.97,131.48576,0.001,0.0334,,,
47860.0,4.0,14593.0,4622500.0,370000.0,25.354622,78.0,67.08,6.52,0.93,131.48576,0.001,0.0334,,,
48029.0,2.0,14631.0,4635000.0,371000.0,25.357119,80.0,68.4,6.4,0.94,130.82326,0.001,0.03322,,,
48030.0,4.0,14641.0,4635000.0,371000.0,25.3398,78.0,68.69,6.11,0.94,130.82326,0.001,0.03322,,,
48196.0,15.0,14679.0,4647500.0,372000.0,25.342325,67.0,64.05,7.15,0.91,126.01573,0.001,0.03304,,,
48197.0,8.0,14689.0,4647500.0,372000.0,25.325073,74.0,65.42,6.98,0.92,126.01573,0.001,0.03304,,,
48379.0,21.0,14726.0,4660000.0,373000.0,25.32935,-59.0,68.25,6.55,0.94,129.16663,0.001,0.03286,,,
48380.0,2.0,14735.0,4660000.0,373000.0,25.313879,80.0,65.77,6.63,0.92,129.16663,0.001,0.03286,,,
48557.0,3.0,14773.0,4672500.0,374000.0,25.316456,79.0,64.17,7.03,0.91,119.553116,0.001,0.03268,,,
48742.0,2.0,14811.0,4685000.0,375000.0,25.31902,80.0,72.89,5.51,0.97,117.20857,0.001,0.0325,,,
48907.0,2.0,14849.0,4697500.0,376000.0,25.321571,80.0,69.44,6.56,0.95,118.8303,0.001,0.03232,,,
49098.0,13.0,14887.0,4710000.0,377000.0,25.324108,69.0,61.46,7.34,0.89,124.16763,0.001,0.03214,,,
49261.0,8.0,14924.0,4722500.0,378000.0,25.328331,74.0,63.09,6.91,0.9,127.2979,0.001,0.03196,,,
49428.0,7.0,14962.0,4735000.0,379000.0,25.330837,75.0,67.88,6.92,0.94,123.65005,0.001,0.03178,,,
49601.0,6.0,15001.0,4747500.0,380000.0,25.331644,76.0,69.44,6.56,0.95,123.54442,0.001,0.0316,,,
49785.0,2.0,15041.0,4760000.0,381000.0,25.330763,80.0,66.99,6.61,0.93,129.9195,0.001,0.03142,,,
49963.0,4.0,15079.0,4772500.0,382000.0,25.333244,78.0,70.89,6.31,0.96,135.3812,0.001,0.03124,,,
50156.0,6.0,15118.0,4785000.0,383000.0,25.33404,76.0,69.46,6.54,0.95,121.9468,0.001,0.03106,,,
50307.0,4.0,15156.0,4797500.0,384000.0,25.3365,78.0,66.41,7.19,0.93,125.844406,0.001,0.03088,,,
50497.0,5.0,15195.0,4810000.0,385000.0,25.337282,77.0,59.99,7.61,0.88,128.98422,0.001,0.0307,,,
50663.0,2.0,15235.0,4822500.0,386000.0,25.336397,80.0,72.59,5.81,0.97,120.23856,0.001,0.03052,,,
50856.0,21.0,15274.0,4835000.0,387000.0,25.337173,-59.0,63.28,6.72,0.9,123.70073,0.001,0.03034,,,
51026.0,7.0,15312.0,4847500.0,388000.0,25.339603,75.0,67.33,6.27,0.93,122.26526,0.001,0.03016,,,
51204.0,10.0,15352.0,4860000.0,389000.0,25.338718,72.0,70.81,6.39,0.96,113.95372,0.001,0.02998,,,
51389.0,8.0,15392.0,4872500.0,390000.0,25.337837,74.0,66.11,6.29,0.92,115.1497,0.001,0.0298,,,
51575.0,5.0,15432.0,4885000.0,391000.0,25.336962,77.0,69.59,6.41,0.95,130.20366,0.001,0.02962,,,
51754.0,2.0,15471.0,4897500.0,392000.0,25.337729,80.0,69.67,6.33,0.95,119.75388,0.001,0.02944,,,
51953.0,3.0,15512.0,4910000.0,393000.0,25.335224,79.0,69.58,6.42,0.95,117.91411,0.001,0.02926,,,
52150.0,7.0,15552.0,4922500.0,394000.0,25.334362,75.0,68.74,6.06,0.94,112.83887,0.001,0.02908,,,
52151.0,5.0,15562.0,4922500.0,394000.0,25.318083,77.0,68.29,6.51,0.94,112.83887,0.001,0.02908,,,
52349.0,2.0,15603.0,4935000.0,395000.0,25.315645,80.0,64.53,6.67,0.91,111.215965,0.001,0.0289,,,
52504.0,8.0,15641.0,4947500.0,396000.0,25.318075,74.0,72.62,5.78,0.97,118.038956,0.001,0.02872,,,
52691.0,5.0,15680.0,4960000.0,397000.0,25.318878,77.0,69.37,6.63,0.95,119.836845,0.001,0.02854,,,
52887.0,21.0,15718.0,4972500.0,398000.0,25.321287,-59.0,66.69,6.91,0.93,121.061386,0.001,0.02836,,,
53075.0,3.0,15759.0,4985000.0,399000.0,25.318865,79.0,72.53,5.87,0.97,110.89787,0.001,0.02818,,,
53258.0,6.0,15799.0,4997500.0,400000.0,25.318058,76.0,65.61,6.79,0.92,104.30119,0.001,0.028,,,
53426.0,6.0,15839.0,5010000.0,401000.0,25.317255,76.0,69.45,6.55,0.95,116.18679,0.001,0.02782,,,
53622.0,2.0,15880.0,5022500.0,402000.0,25.314861,80.0,73.97,5.63,0.98,117.179054,0.001,0.02764,,,
53828.0,2.0,15920.0,5035000.0,403000.0,25.31407,80.0,76.58,5.42,1.0,124.30827,0.001,0.02746,,,
54006.0,21.0,15960.0,5047500.0,404000.0,25.313284,-59.0,68.18,6.62,0.94,112.897934,0.001,0.02728,,,
54007.0,21.0,15969.0,5047500.0,404000.0,25.299017,-59.0,64.47,6.73,0.91,112.897934,0.001,0.02728,,,
54189.0,3.0,16008.0,5060000.0,405000.0,25.29985,79.0,71.2,6.0,0.96,111.39608,0.001,0.0271,,,
54394.0,3.0,16050.0,5072500.0,406000.0,25.29595,79.0,66.74,6.86,0.93,115.84292,0.001,0.02692,,,
54395.0,4.0,16061.0,5072500.0,406000.0,25.278625,78.0,68.38,6.42,0.94,115.84292,0.001,0.02692,,,
54578.0,8.0,16100.0,5085000.0,407000.0,25.279503,74.0,70.9,6.3,0.96,110.44876,0.001,0.02674,,,
54579.0,6.0,16111.0,5085000.0,407000.0,25.262243,76.0,66.95,6.65,0.93,110.44876,0.001,0.02674,,,
54752.0,7.0,16150.0,5097500.0,408000.0,25.263159,75.0,58.72,7.68,0.87,113.51332,0.001,0.02656,,,
54926.0,3.0,16189.0,5110000.0,409000.0,25.264069,79.0,73.59,6.01,0.98,105.87392,0.001,0.02638,,,
55123.0,5.0,16230.0,5122500.0,410000.0,25.26186,77.0,69.7,6.3,0.95,127.21735,0.001,0.0262,,,
55124.0,3.0,16239.0,5122500.0,410000.0,25.24786,79.0,75.55,5.25,0.99,127.21735,0.001,0.0262,,,
55327.0,5.0,16281.0,5135000.0,411000.0,25.24415,77.0,68.86,5.94,0.94,112.17948,0.001,0.02602,,,
55506.0,9.0,16320.0,5147500.0,412000.0,25.245098,73.0,60.37,7.23,0.88,113.50745,0.001,0.02584,,,
55717.0,6.0,16362.0,5160000.0,413000.0,25.241413,76.0,68.49,6.31,0.94,119.39587,0.001,0.02566,,,
55718.0,6.0,16372.0,5160000.0,413000.0,25.225996,76.0,71.17,6.03,0.96,119.39587,0.001,0.02566,,,
55905.0,3.0,16413.0,5172500.0,414000.0,25.223907,79.0,61.62,7.18,0.89,117.81807,0.001,0.02548,,,
56104.0,7.0,16452.0,5185000.0,415000.0,25.224897,75.0,72.42,5.98,0.97,118.91067,0.001,0.0253,,,
56293.0,6.0,16492.0,5197500.0,416000.0,25.224352,76.0,72.49,5.91,0.97,117.62327,0.001,0.02512,,,
56469.0,9.0,16530.0,5210000.0,417000.0,25.22686,73.0,76.13,5.87,1.0,112.32415,0.001,0.02494,,,
56637.0,5.0,16568.0,5222500.0,418000.0,25.229359,77.0,75.31,5.49,0.99,119.12908,0.001,0.02476,,,
56815.0,2.0,16609.0,5235000.0,419000.0,25.227287,80.0,62.87,7.13,0.9,111.047325,0.001,0.02458,,,
57007.0,4.0,16649.0,5247500.0,420000.0,25.22674,78.0,70.58,6.62,0.96,106.91583,0.001,0.0244,,,
57199.0,3.0,16688.0,5260000.0,421000.0,25.227709,79.0,73.11,5.29,0.97,113.72106,0.001,0.02422,,,
57389.0,4.0,16728.0,5272500.0,422000.0,25.227163,78.0,75.13,5.67,0.99,113.49943,0.001,0.02404,,,
57390.0,4.0,16738.0,5272500.0,422000.0,25.212091,78.0,72.8,5.6,0.97,113.49943,0.001,0.02404,,,
57559.0,2.0,16779.0,5285000.0,423000.0,25.210085,80.0,73.12,5.28,0.97,114.140015,0.001,0.02386,,,
57753.0,2.0,16818.0,5297500.0,424000.0,25.211082,80.0,72.7,5.7,0.97,110.49452,0.001,0.02368,,,
57952.0,5.0,16861.0,5310000.0,425000.0,25.206097,77.0,68.38,6.42,0.94,108.93605,0.001,0.0235,,,
58144.0,5.0,16899.0,5322500.0,426000.0,25.208591,77.0,73.53,6.07,0.98,109.40537,0.001,0.02332,,,
58145.0,3.0,16909.0,5322500.0,426000.0,25.193684,79.0,71.17,6.03,0.96,109.40537,0.001,0.02332,,,
58336.0,7.0,16948.0,5335000.0,427000.0,25.194714,75.0,73.86,5.74,0.98,107.13924,0.001,0.02314,,,
58547.0,5.0,16987.0,5347500.0,428000.0,25.195738,77.0,68.58,6.22,0.94,107.967384,0.001,0.02296,,,
58732.0,4.0,17027.0,5360000.0,429000.0,25.195278,78.0,71.08,6.12,0.96,105.64066,0.001,0.02278,,,
58733.0,6.0,17036.0,5360000.0,429000.0,25.181967,76.0,70.92,6.28,0.96,105.64066,0.001,0.02278,,,
58914.0,8.0,17076.0,5372500.0,430000.0,25.181541,74.0,71.43,5.77,0.96,102.287895,0.001,0.0226,,,
59086.0,7.0,17114.0,5385000.0,431000.0,25.18406,75.0,71.2,6.0,0.96,108.87152,0.001,0.02242,,,
59277.0,3.0,17153.0,5397500.0,432000.0,25.185099,79.0,72.69,5.71,0.97,112.79632,0.001,0.02224,,,
59468.0,7.0,17193.0,5410000.0,433000.0,25.184668,75.0,70.83,6.37,0.96,111.27775,0.001,0.02206,,,
59671.0,9.0,17234.0,5422500.0,434000.0,25.182777,73.0,71.22,5.98,0.96,101.33158,0.001,0.02188,,,
59672.0,6.0,17243.0,5422500.0,434000.0,25.169634,76.0,71.53,5.67,0.96,101.33158,0.001,0.02188,,,
59852.0,2.0,17283.0,5435000.0,435000.0,25.16924,80.0,74.5,6.3,0.99,107.78068,0.001,0.0217,,,
60037.0,9.0,17324.0,5447500.0,436000.0,25.167398,73.0,74.02,5.58,0.98,107.135025,0.001,0.02152,,,
60235.0,7.0,17364.0,5460000.0,437000.0,25.167011,75.0,72.11,6.29,0.97,112.57643,0.001,0.02134,,,
60415.0,3.0,17406.0,5472500.0,438000.0,25.163736,79.0,71.04,6.16,0.96,114.439,0.001,0.02116,,,
60615.0,21.0,17446.0,5485000.0,439000.0,25.16336,-59.0,70.08,5.92,0.95,105.35743,0.001,0.02098,,,
60814.0,5.0,17486.0,5497500.0,440000.0,25.162987,77.0,72.24,6.16,0.97,107.313095,0.001,0.0208,,,
61006.0,8.0,17526.0,5510000.0,441000.0,25.162615,74.0,73.66,5.94,0.98,115.8662,0.001,0.02062,,,
61209.0,5.0,17566.0,5522500.0,442000.0,25.162245,77.0,75.65,5.15,0.99,101.30857,0.001,0.02044,,,
61398.0,4.0,17608.0,5535000.0,443000.0,25.15902,78.0,70.16,5.84,0.95,102.39883,0.001,0.02026,,,
61594.0,6.0,17648.0,5547500.0,444000.0,25.158659,76.0,67.42,6.18,0.93,98.081825,0.001,0.02008,,,
61796.0,21.0,17688.0,5560000.0,445000.0,25.158298,-59.0,71.08,6.12,0.96,104.72749,0.001,0.0199,,,
61993.0,7.0,17728.0,5572500.0,446000.0,25.157942,75.0,65.8,6.6,0.92,104.47113,0.001,0.01972,,,
62193.0,6.0,17769.0,5585000.0,447000.0,25.156172,76.0,70.99,6.21,0.96,109.93493,0.001,0.01954,,,
62397.0,3.0,17810.0,5597500.0,448000.0,25.154408,79.0,72.11,6.29,0.97,101.768234,0.001,0.01936,,,
62600.0,2.0,17849.0,5610000.0,449000.0,25.155472,80.0,74.18,5.42,0.98,98.16903,0.001,0.01918,,,
62788.0,5.0,17889.0,5622500.0,450000.0,25.155123,77.0,75.51,5.29,0.99,101.54014,0.001,0.019,,,
63012.0,4.0,17929.0,5635000.0,451000.0,25.154778,78.0,75.02,5.78,0.99,109.99795,0.001,0.01882,,,
63210.0,2.0,17971.0,5647500.0,452000.0,25.151632,80.0,75.47,5.33,0.99,106.55144,0.001,0.01864,,,
63410.0,2.0,18012.0,5660000.0,453000.0,25.1499,80.0,71.15,6.05,0.96,110.888504,0.001,0.01846,,,
63604.0,3.0,18051.0,5672500.0,454000.0,25.15096,79.0,76.26,5.74,1.0,115.87795,0.001,0.01828,,,
63605.0,8.0,18062.0,5672500.0,454000.0,25.135643,74.0,71.06,6.14,0.96,115.87795,0.001,0.01828,,,
63802.0,4.0,18103.0,5685000.0,455000.0,25.133955,78.0,71.5,5.7,0.96,97.09029,0.001,0.0181,,,
63803.0,6.0,18113.0,5685000.0,455000.0,25.120079,76.0,71.31,5.89,0.96,97.09029,0.001,0.0181,,,
63994.0,2.0,18153.0,5697500.0,456000.0,25.119816,80.0,72.39,6.01,0.97,107.25314,0.001,0.01792,,,
63995.0,6.0,18163.0,5697500.0,456000.0,25.105986,76.0,75.01,5.79,0.99,107.25314,0.001,0.01792,,,
64168.0,2.0,18202.0,5710000.0,457000.0,25.107132,80.0,71.48,5.72,0.96,105.050415,0.001,0.01774,,,
64371.0,4.0,18244.0,5722500.0,458000.0,25.104143,78.0,69.75,6.25,0.95,101.81615,0.001,0.01756,,,
64550.0,6.0,18284.0,5735000.0,459000.0,25.103916,76.0,72.35,6.05,0.97,107.566216,0.001,0.01738,,,
64740.0,5.0,18324.0,5747500.0,460000.0,25.10369,77.0,74.31,5.29,0.98,107.19824,0.001,0.0172,,,
64971.0,2.0,18366.0,5760000.0,461000.0,25.100729,80.0,72.36,6.04,0.97,103.68573,0.001,0.01702,,,
65185.0,7.0,18409.0,5772500.0,462000.0,25.09642,75.0,75.4,5.4,0.99,100.068436,0.001,0.01684,,,
65382.0,4.0,18451.0,5785000.0,463000.0,25.09349,78.0,74.94,5.86,0.99,91.53508,0.001,0.01666,,,
65383.0,10.0,18461.0,5785000.0,463000.0,25.079899,72.0,66.99,6.61,0.93,91.53508,0.001,0.01666,,,
65595.0,7.0,18502.0,5797500.0,464000.0,25.07837,75.0,71.4,5.8,0.96,109.1105,0.001,0.01648,,,
65789.0,4.0,18544.0,5810000.0,465000.0,25.075497,78.0,69.87,6.13,0.95,102.78869,0.001,0.0163,,,
65985.0,7.0,18585.0,5822500.0,466000.0,25.073984,75.0,73.51,6.09,0.98,94.774445,0.001,0.01612,,,
65986.0,6.0,18594.0,5822500.0,466000.0,25.061848,76.0,73.76,5.84,0.98,94.774445,0.001,0.01612,,,
66173.0,10.0,18634.0,5835000.0,467000.0,25.061716,72.0,71.52,5.68,0.96,104.52142,0.001,0.01594,,,
66174.0,7.0,18644.0,5835000.0,467000.0,25.048273,75.0,76.9,5.1,1.0,104.52142,0.001,0.01594,,,
66369.0,4.0,18682.0,5847500.0,468000.0,25.050852,78.0,75.62,5.18,0.99,105.04751,0.001,0.01576,,,
66578.0,21.0,18723.0,5860000.0,469000.0,25.049404,-59.0,72.55,5.85,0.97,100.25921,0.001,0.01558,,,
66800.0,9.0,18765.0,5872500.0,470000.0,25.046629,73.0,69.55,6.45,0.95,106.15009,0.001,0.0154,,,
67000.0,2.0,18804.0,5885000.0,471000.0,25.047863,80.0,69.37,6.63,0.95,98.11128,0.001,0.01522,,,
67199.0,8.0,18844.0,5897500.0,472000.0,25.04776,74.0,74.02,5.58,0.98,102.592064,0.001,0.01504,,,
67200.0,10.0,18854.0,5897500.0,472000.0,25.034475,72.0,71.24,5.96,0.96,102.592064,0.001,0.01504,,,
67417.0,4.0,18894.0,5910000.0,473000.0,25.034403,78.0,72.68,5.72,0.97,105.28919,0.001,0.01486,,,
67609.0,9.0,18933.0,5922500.0,474000.0,25.035652,73.0,72.36,6.04,0.97,96.07146,0.001,0.01468,,,
67815.0,12.0,18975.0,5935000.0,475000.0,25.032938,70.0,69.66,6.34,0.95,101.17256,0.001,0.0145,,,
67816.0,2.0,18985.0,5935000.0,475000.0,25.019753,80.0,70.99,6.21,0.96,101.17256,0.001,0.0145,,,
68049.0,3.0,19027.0,5947500.0,476000.0,25.01708,79.0,72.48,5.92,0.97,98.664696,0.001,0.01432,,,
68050.0,2.0,19038.0,5947500.0,476000.0,25.002626,80.0,72.2,6.2,0.97,98.664696,0.001,0.01432,,,
68267.0,5.0,19080.0,5960000.0,477000.0,25.0,77.0,68.08,6.72,0.94,99.88462,0.001,0.01414,,,
68465.0,5.0,19119.0,5972500.0,478000.0,25.001308,77.0,69.9,6.1,0.95,94.692055,0.001,0.01396,,,
68669.0,6.0,19159.0,5985000.0,479000.0,25.001305,76.0,72.63,5.77,0.97,92.11954,0.001,0.01378,,,
68848.0,8.0,19198.0,5997500.0,480000.0,25.002604,74.0,75.4,5.4,0.99,87.526955,0.001,0.0136,,,
68849.0,5.0,19208.0,5997500.0,480000.0,24.989588,77.0,70.17,5.83,0.95,87.526955,0.001,0.0136,,,
69040.0,6.0,19249.0,6010000.0,481000.0,24.988312,76.0,74.79,6.01,0.99,85.121,0.001,0.01342,,,
69237.0,3.0,19289.0,6022500.0,482000.0,24.988335,79.0,65.89,6.51,0.92,107.72012,0.001,0.01324,,,
69416.0,5.0,19329.0,6035000.0,483000.0,24.98836,77.0,76.84,5.16,1.0,105.675476,0.001,0.01306,,,
69417.0,9.0,19340.0,6035000.0,483000.0,24.974148,73.0,74.11,5.49,0.98,105.675476,0.001,0.01306,,,
69645.0,7.0,19380.0,6047500.0,484000.0,24.9742,75.0,73.69,5.91,0.98,95.799774,0.001,0.01288,,,
69847.0,5.0,19421.0,6060000.0,485000.0,24.972967,77.0,73.69,5.91,0.98,96.18301,0.001,0.0127,,,
70052.0,3.0,19463.0,6072500.0,486000.0,24.970457,79.0,75.36,5.44,0.99,94.68079,0.001,0.01252,,,
70271.0,5.0,19507.0,6085000.0,487000.0,24.965397,77.0,71.33,5.87,0.96,99.78457,0.001,0.01234,,,
70468.0,3.0,19549.0,6097500.0,488000.0,24.962914,79.0,72.65,5.75,0.97,102.19298,0.001,0.01216,,,
70469.0,7.0,19559.0,6097500.0,488000.0,24.950151,75.0,75.31,5.49,0.99,102.19298,0.001,0.01216,,,
70671.0,2.0,19601.0,6110000.0,489000.0,24.947706,80.0,71.18,6.02,0.96,99.37586,0.001,0.01198,,,
70882.0,8.0,19642.0,6122500.0,490000.0,24.946543,74.0,67.29,6.31,0.93,93.59041,0.001,0.0118,,,
71103.0,7.0,19684.0,6135000.0,491000.0,24.944117,75.0,75.31,5.49,0.99,104.09062,0.001,0.01162,,,
71104.0,5.0,19694.0,6135000.0,491000.0,24.931452,77.0,72.92,5.48,0.97,104.09062,0.001,0.01162,,,
71309.0,5.0,19735.0,6147500.0,492000.0,24.930326,77.0,69.54,6.46,0.95,98.58832,0.001,0.01144,,,
71310.0,6.0,19745.0,6147500.0,492000.0,24.9177,76.0,68.15,6.65,0.94,98.58832,0.001,0.01144,,,
71501.0,7.0,19786.0,6160000.0,493000.0,24.916607,75.0,73.8,5.8,0.98,89.41953,0.001,0.01126,,,
71698.0,6.0,19827.0,6172500.0,494000.0,24.91552,76.0,75.26,5.54,0.99,92.65169,0.001,0.01108,,,
71915.0,7.0,19869.0,6185000.0,495000.0,24.913181,75.0,70.0,6.0,0.95,89.9416,0.001,0.0109,,,
72128.0,7.0,19910.0,6197500.0,496000.0,24.912104,75.0,72.68,5.72,0.97,92.05063,0.001,0.01072,,,
72328.0,8.0,19952.0,6210000.0,497000.0,24.909784,74.0,71.03,6.17,0.96,96.849785,0.001,0.01054,,,
72543.0,7.0,19993.0,6222500.0,498000.0,24.908718,75.0,68.47,6.33,0.94,85.98873,0.001,0.01036,,,
72759.0,3.0,20036.0,6235000.0,499000.0,24.90517,79.0,75.1,5.7,0.99,94.981636,0.001,0.01018,,,
72760.0,8.0,20046.0,6235000.0,499000.0,24.892746,74.0,72.37,6.03,0.97,94.981636,0.001,0.01018,,,
72972.0,4.0,20088.0,6247500.0,500000.0,24.890482,78.0,73.97,5.63,0.98,87.37391,0.001,0.01,,,
72972.0,5.0,20097.0,6247500.0,500000.0,24.879335,77.0,68.9,5.9,0.94,87.37391,0.001,0.01,,,
